11100,180,6.9379,11.5633,-79.12,-79.12
11109,180,6.9379,11.4324,-79.12,-79.12
11111,180,6.0814,11.4324,-79.12,-79.12
11121,180,6.0814,11.0805,-79.12,-79.12
11122,180,4.6253,11.0805,-79.12,-79.12
11133,180,4.6253,11.0535,-77.68,-79.12
11133,180,-1.4561,11.0535,-79.12,-79.12
11144,180,7.7944,11.0535,-79.12,-79.12
11145,180,7.7944,11.1933,-79.12,-79.12
11155,180,3.0835,11.1933,-79.12,-79.12
11166,180,6.7666,11.1933,-79.12,-79.12
11169,180,6.7666,11.2339,-79.12,-79.12
11177,180,-4.1113,11.2339,-79.12,-79.12
11180,180,-4.1113,11.3963,-79.12,-79.12
11188,180,6.9379,11.3963,-79.12,-79.12
11192,180,6.9379,10.6564,-79.12,-79.12
11199,180,11.9058,10.6564,-79.12,-79.12
11204,180,11.9058,11.2159,-79.12,-79.12
11210,180,8.0514,11.2159,-79.12,-79.12
11216,180,8.0514,11.6490,-79.12,-79.12
11221,180,1.7987,11.6490,-79.12,-79.12
11228,180,1.7987,11.6039,-79.12,-79.12
11232,180,6.5096,11.6039,-79.12,-79.12
11240,180,6.5096,11.3467,-79.12,-79.12
11243,180,10.1071,11.3467,-79.12,-79.12
11251,180,10.1071,10.8459,-79.12,-79.12
11254,180,-1.1135,10.8459,-79.12,-79.12
11263,180,-1.1135,10.7422,-79.12,-79.12
11265,180,0.0857,10.7422,-77.68,-79.12
11275,180,0.0857,11.2836,-79.12,-79.12
11276,180,5.4818,11.2836,-79.12,-79.12
11287,180,5.4818,11.3693,-79.12,-79.12
11287,180,13.3619,11.3693,-79.12,-79.12
11298,180,-0.1713,11.3693,-79.12,-79.12
11299,180,-0.1713,11.2114,-79.12,-79.12
11309,180,4.1113,11.2114,-79.12,-79.12
11311,180,4.1113,11.1031,-79.12,-79.12
11320,180,0.3426,11.1031,-79.12,-79.12
11322,180,0.3426,11.4370,-79.12,-79.12
11331,180,6.2527,11.4370,-79.12,-79.12
11334,180,6.2527,11.5272,-79.12,-79.12
11342,180,7.7944,11.5272,-79.12,-79.12
11346,180,7.7944,11.5046,-79.12,-79.12
11353,180,-6.6809,11.5046,-79.12,-79.12
11358,180,-6.6809,11.6039,-79.12,-79.12
11364,180,2.9122,11.6039,-79.12,-79.12
11370,180,2.9122,11.5407,-79.12,-79.12
11375,180,2.3983,11.5407,-79.12,-79.12
11382,180,2.3983,11.6355,-79.12,-79.12
11386,180,7.0236,11.6355,-79.12,-79.12
11393,180,7.0236,11.7843,-79.12,-79.12
11397,180,-3.4261,11.7843,-79.12,-79.12
11405,180,-3.4261,11.9377,-79.12,-79.12
11408,180,0.1713,11.9377,-79.12,-79.12
11417,180,0.1713,11.6355,-79.12,-79.12
11419,180,-3.5118,11.6355,-79.12,-79.12
11429,180,-3.5118,11.5543,-79.12,-79.12
11430,180,-2.3126,11.5543,-79.12,-79.12
11441,180,1.1991,11.5543,-79.12,-79.12
11441,180,1.1991,11.7483,-79.12,-79.12
11452,180,0.6852,11.7483,-79.12,-79.12
11452,180,0.6852,11.4415,-79.12,-79.12
11463,180,8.8223,11.4415,-79.12,-79.12
11464,180,8.8223,11.5588,-79.12,-79.12
11473,180,-2.6552,11.5588,-79.12,-79.12
11476,180,-2.6552,11.4009,-79.12,-79.12
11484,180,1.2848,11.4009,-79.12,-79.12
11488,180,1.2848,11.4144,-79.12,-79.12
11495,180,-3.3405,11.4144,-79.12,-79.12
11500,180,-3.3405,11.5633,-79.12,-79.12
11506,180,9.8501,11.5633,-79.12,-79.12
11512,180,9.8501,11.6761,-79.12,-79.12
11517,180,7.0236,11.6761,-79.12,-79.12
11523,180,7.0236,11.6264,-79.12,-79.12
11528,180,9.0792,11.6264,-79.12,-79.12
11535,180,9.0792,11.5046,-79.12,-79.12
11539,180,-0.7709,11.5046,-79.12,-79.12
11547,180,-0.7709,11.6084,-79.12,-79.12
11550,180,1.6274,11.6084,-79.12,-79.12
11559,180,1.6274,11.1663,-79.12,-79.12
11561,180,9.0792,11.1663,-79.12,-79.12
11571,180,9.0792,10.7422,-79.12,-79.12
11572,180,6.9379,10.7422,-79.12,-79.12
11583,180,6.9379,10.8910,-79.12,-79.12
11583,180,7.7944,10.8910,-79.12,-79.12
11594,180,4.4540,10.8910,-79.12,-79.12
11594,180,4.4540,11.0896,-79.12,-79.12
11605,180,4.1113,11.0896,-79.12,-79.12
11606,180,4.1113,11.0715,-79.12,-79.12
11616,180,-5.3961,11.0715,-79.12,-79.12
11618,180,-5.3961,11.4054,-79.12,-79.12
11627,180,0.0857,11.4054,-79.12,-79.12
11630,180,0.0857,11.1302,-79.12,-79.12
11638,180,1.5418,11.1302,-79.12,-79.12
11642,180,1.5418,11.2430,-79.12,-79.12
11649,180,9.5075,11.2430,-79.12,-79.12
11654,180,9.5075,11.0535,-79.12,-79.12
11660,180,8.9079,11.0535,-79.12,-79.12
11665,180,8.9079,10.6068,-79.12,-79.12
11671,180,3.1692,10.6068,-79.12,-79.12
11677,180,3.1692,11.0535,-79.12,-79.12
11682,180,5.9957,11.0535,-79.12,-79.12
11689,180,5.9957,11.2114,-79.12,-79.12
11693,180,2.5696,11.2114,-79.12,-79.12
11701,180,2.5696,11.1978,-79.12,-79.12
11704,180,4.8822,11.1978,-79.12,-79.12
11713,180,4.8822,10.8595,-79.12,-79.12
11715,180,-1.2848,10.8595,-79.12,-79.12
11725,180,-1.2848,11.4595,-79.12,-79.12
11726,180,3.8544,11.4595,-79.12,-79.12
11736,180,3.8544,11.5001,-79.12,-79.12
11737,180,2.6552,11.5001,-79.12,-79.12
11748,180,5.6531,11.5001,-79.12,-79.12
11748,180,5.6531,11.2475,-79.12,-79.12
11759,180,-3.0835,11.2475,-79.12,-79.12
11760,180,-3.0835,11.4595,-79.12,-79.12
11770,180,3.5974,11.4595,-79.12,-79.12
11772,180,3.5974,11.1347,-79.12,-79.12
11781,180,5.9957,11.1347,-79.12,-79.12
11784,180,5.9957,11.1663,-79.12,-79.12
11792,180,6.2527,11.1663,-79.12,-79.12
11795,180,6.2527,10.9271,-79.12,-79.12
11803,180,12.2484,10.9271,-79.12,-79.12
11814,180,3.1692,10.9271,-79.12,-79.12
11819,180,3.1692,11.1663,-79.12,-79.12
11831,180,3.1692,10.9316,-79.12,-79.12
11836,180,-3.1692,10.9316,-79.12,-79.12
11843,180,-3.1692,11.3873,-79.12,-79.12
11847,180,4.6253,11.3873,-79.12,-79.12
11855,180,4.6253,11.6851,-79.12,-79.12
11858,180,0.9422,11.6851,-79.12,-79.12
11866,180,0.9422,11.5272,-79.12,-79.12
11868,180,0.6852,11.5272,-79.12,-79.12
11878,180,0.6852,11.2565,-79.12,-79.12
11879,180,-0.5139,11.2565,-79.12,-79.12
11890,180,-0.5139,10.7512,-79.12,-79.12
11890,180,1.9700,10.7512,-79.12,-77.68
11901,180,3.1692,10.7512,-79.12,-79.12
11902,180,3.1692,10.9587,-79.12,-79.12
11912,180,0.6852,10.9587,-79.12,-79.12
11914,180,0.6852,10.9903,-77.68,-79.12
11923,180,3.3405,10.9903,-79.12,-79.12
11926,180,3.3405,10.7918,-79.12,-79.12
11934,180,-5.2248,10.7918,-79.12,-77.68
11937,180,-5.2248,11.3196,-79.12,-79.12
11945,180,4.9679,11.3196,-79.12,-79.12
11949,180,4.9679,11.5046,-79.12,-79.12
11956,180,3.2548,11.5046,-79.12,-77.68
11961,180,3.2548,11.3332,-79.12,-79.12
11967,180,7.7944,11.3332,-79.12,-79.12
11973,180,7.7944,10.8459,-79.12,-79.12
11978,180,5.9101,10.8459,-79.12,-79.12
11985,180,5.9101,10.9632,-79.12,-79.12
11989,180,15.3319,10.9632,-79.12,-79.12
11997,180,15.3319,10.9271,-79.12,-77.68
12000,180,1.2848,10.9271,-79.12,-79.12
12008,180,1.2848,10.9632,-79.12,-79.12
12011,180,-6.0814,10.9632,-79.12,-79.12
12020,180,-6.0814,10.9542,-79.12,-79.12
12022,180,-2.7409,10.9542,-79.12,-79.12
12032,180,-2.7409,11.0941,-79.12,-79.12
12033,180,-1.0278,11.0941,-79.12,-79.12
12044,180,-1.0278,11.2700,-79.12,-79.12
12044,180,3.6831,11.2700,-79.12,-79.12
12055,180,1.2848,11.2700,-79.12,-79.12
12056,180,1.2848,11.3106,-79.12,-79.12
12066,180,9.4218,11.3106,-79.12,-79.12
12068,180,9.4218,11.5182,-79.12,-79.12
12077,180,-1.3704,11.5182,-79.12,-79.12
12079,180,-1.3704,11.4279,-79.12,-79.12
12088,180,5.0535,11.4279,-79.12,-79.12
12091,180,5.0535,11.3287,-79.12,-79.12
12099,180,-2.0557,11.3287,-79.12,-79.12
12103,180,-2.0557,11.1843,-79.12,-79.12
12110,180,7.3662,11.1843,-79.12,-79.12
12115,180,7.3662,11.1617,-79.12,-79.12
12121,180,6.4240,11.1617,-79.12,-79.12
12132,180,0.6852,11.1617,-79.12,-79.12
12138,180,0.6852,10.9452,-79.12,-79.12
12143,180,10.6210,10.9452,-79.12,-79.12
12150,180,10.6210,10.4670,-79.12,-79.12
12154,180,7.9657,10.4670,-79.12,-79.12
12162,180,7.9657,10.9813,-79.12,-79.12
12165,180,7.8801,10.9813,-79.12,-79.12
12174,180,7.8801,11.2836,-79.12,-77.68
12176,180,-2.4839,11.2836,-79.12,-79.12
12186,180,-2.4839,11.3332,-79.12,-79.12
12187,180,4.1970,11.3332,-79.12,-79.12
12198,180,4.1970,11.3918,-79.12,-79.12
12198,180,-6.4240,11.3918,-79.12,-79.12
12209,180,3.1692,11.3918,-79.12,-79.12
12209,180,3.1692,11.1753,-79.12,-79.12
12220,180,4.3683,11.1753,-79.12,-79.12
12221,180,4.3683,11.4234,-79.12,-79.12
12231,180,1.9700,11.4234,-79.12,-79.12
12233,180,1.9700,10.9723,-79.12,-79.12
12242,180,1.1135,10.9723,-79.12,-79.12
12245,180,1.1135,11.2069,-79.12,-79.12
12253,180,-1.9700,11.2069,-79.12,-79.12
12257,180,-1.9700,11.5362,-79.12,-79.12
12264,180,4.0257,11.5362,-79.12,-79.12
12269,180,4.0257,11.2881,-79.12,-79.12
12274,180,0.8565,11.2881,-79.12,-79.12
12280,180,0.8565,11.4550,-79.12,-79.12
12285,180,4.5396,11.4550,-79.12,-79.12
12292,180,4.5396,11.5994,-79.12,-79.12
12296,180,1.0278,11.5994,-79.12,-79.12
12304,180,1.0278,11.6986,-79.12,-79.12
12307,180,9.9358,11.6986,-79.12,-79.12
12316,180,9.9358,11.3467,-79.12,-79.12
12318,180,6.1670,11.3467,-79.12,-79.12
12328,180,6.1670,11.2023,-79.12,-79.12
12329,180,10.7066,11.2023,-79.12,-79.12
12340,180,10.7066,11.2475,-79.12,-79.12
12340,180,8.3940,11.2475,-79.12,-79.12
12351,180,1.7987,11.2475,-79.12,-79.12
12351,180,1.7987,11.1663,-79.12,-79.12
12362,180,1.1135,11.1663,-79.12,-79.12
12363,180,1.1135,11.6580,-79.12,-79.12
12373,180,-3.7687,11.6580,-79.12,-79.12
12375,180,-3.7687,11.4776,-79.12,-79.12
12384,180,2.3983,11.4776,-79.12,-79.12
12387,180,2.3983,11.4054,-79.12,-79.12
12395,180,-3.2548,11.4054,-79.12,-79.12
12399,180,-3.2548,11.4776,-79.12,-79.12
12406,180,4.0257,11.4776,-77.68,-79.12
12410,180,4.0257,11.3963,-79.12,-79.12
12417,180,6.8522,11.3963,-79.12,-77.68
12422,180,6.8522,11.2610,-79.12,-79.12
12428,180,11.3062,11.2610,-79.12,-79.12
12434,180,11.3062,11.4189,-79.12,-79.12
12439,180,-1.9700,11.4189,-79.12,-79.12
12446,180,-1.9700,11.7031,-79.12,-79.12
12450,180,-1.1991,11.7031,-79.12,-79.12
12458,180,-1.1991,11.8701,-79.12,-79.12
12461,180,2.4839,11.8701,-79.12,-79.12
12470,180,2.4839,10.9813,-79.12,-79.12
12472,180,3.8544,10.9813,-79.12,-79.12
12481,180,3.8544,11.0264,-79.12,-79.12
12483,180,16.1884,11.0264,-79.12,-79.12
12493,180,16.1884,10.8865,-79.12,-77.68
12494,180,-5.7388,10.8865,-79.12,-79.12
12505,180,1.7131,10.8865,-79.12,-79.12
12505,180,1.7131,11.0219,-79.12,-79.12
12516,180,-2.7409,11.0219,-79.12,-79.12
12517,180,-2.7409,11.2836,-79.12,-79.12
12527,180,8.3084,11.2836,-79.12,-79.12
12529,180,8.3084,11.3693,-79.12,-79.12
12538,180,1.7987,11.3693,-79.12,-79.12
12541,180,1.7987,11.3557,-79.12,-79.12
12549,180,1.5418,11.3557,-79.12,-79.12
12552,180,1.5418,11.4234,-79.12,-79.12
12560,180,1.6274,11.4234,-79.12,-79.12
12564,180,1.6274,11.3557,-79.12,-79.12
12571,180,2.8266,11.3557,-79.12,-79.12
12576,180,2.8266,11.1211,-79.12,-79.12
12582,180,8.0514,11.1211,-79.12,-79.12
12588,180,8.0514,10.9497,-79.12,-79.12
12593,180,3.0835,10.9497,-77.68,-79.12
12600,180,3.0835,11.2881,-79.12,-79.12
12612,180,3.0835,11.5723,-79.12,-79.12
12615,180,-3.0835,11.5723,-79.12,-79.12
12623,180,-3.0835,11.6941,-79.12,-79.12
12626,180,6.5096,11.6941,-79.12,-79.12
12635,180,6.5096,11.4234,-79.12,-79.12
12637,180,-3.7687,11.4234,-79.12,-79.12
12647,180,-3.7687,11.3242,-79.12,-79.12
12648,180,4.1113,11.3242,-79.12,-79.12
12659,180,0.6852,11.3242,-79.12,-79.12
12659,180,0.6852,11.3873,-79.12,-79.12
12670,180,4.8822,11.3873,-79.12,-79.12
12671,180,4.8822,11.1663,-79.12,-79.12
12680,180,1.7987,11.1663,-79.12,-77.68
12682,180,1.7987,11.3242,-79.12,-79.12
12691,180,-3.5974,11.3242,-79.12,-79.12
12702,180,3.0835,11.3242,-79.12,-79.12
12706,180,3.0835,11.4189,-79.12,-79.12
12713,180,0.4283,11.4189,-79.12,-79.12
12718,180,0.4283,11.3693,-79.12,-79.12
12724,180,-5.1392,11.3693,-79.12,-79.12
12730,180,-5.1392,11.3873,-79.12,-79.12
12735,180,-7.2805,11.3873,-79.12,-79.12
12742,180,-7.2805,10.8234,-79.12,-79.12
12746,180,6.3383,10.8234,-79.12,-79.12
12753,180,6.3383,10.7016,-79.12,-79.12
12757,180,-3.6831,10.7016,-79.12,-79.12
12765,180,-3.6831,11.1031,-77.68,-77.68
12768,180,-4.1113,11.1031,-79.12,-79.12
12777,180,-4.1113,11.4685,-79.12,-79.12
12779,180,-8.6510,11.4685,-79.12,-77.68
12789,180,-8.6510,11.3603,-79.12,-79.12
12790,180,-5.4818,11.3603,-79.12,-79.12
12801,180,-5.4818,11.3557,-79.12,-79.12
12801,180,-3.7687,11.3557,-79.12,-79.12
12812,180,-7.3662,11.3557,-79.12,-79.12
12813,180,-7.3662,11.0986,-79.12,-79.12
12823,180,3.7687,11.0986,-79.12,-79.12
12824,180,3.7687,11.2655,-79.12,-79.12
12834,180,6.7666,11.2655,-79.12,-79.12
12845,180,7.9657,11.2655,-79.12,-79.12
12848,180,7.9657,11.3242,-79.12,-79.12
12856,180,1.9700,11.3242,-79.12,-79.12
12860,180,1.9700,11.8204,-79.12,-79.12
12867,180,2.9122,11.8204,-79.12,-79.12
12872,180,2.9122,11.6535,-77.68,-79.12
12878,180,-2.6552,11.6535,-79.12,-79.12
12884,180,-2.6552,11.3557,-79.12,-79.12
12889,180,0.1713,11.3557,-79.12,-79.12
12895,180,0.1713,11.0760,-79.12,-79.12
12900,180,-3.9400,11.0760,-79.12,-79.12
12907,180,-3.9400,10.8730,-79.12,-79.12
12911,180,-8.2227,10.8730,-79.12,-79.12
12919,180,-8.2227,11.4956,-79.12,-79.12
12922,180,1.7987,11.4956,-79.12,-79.12
12931,180,1.7987,11.6445,-79.12,-79.12
12933,180,0.8565,11.6445,-79.12,-79.12
12943,180,0.8565,11.3151,-79.12,-79.12
12944,180,3.8544,11.3151,-79.12,-79.12
12955,180,3.8544,11.1527,-79.12,-79.12
12955,180,-5.0535,11.1527,-79.12,-79.12
12966,180,-1.1991,11.1527,-79.12,-79.12
12966,180,-1.1991,11.3016,-79.12,-79.12
12977,180,-8.6510,11.3016,-79.12,-79.12
12978,180,-8.6510,11.2655,-79.12,-79.12
12988,180,0.8565,11.2655,-79.12,-79.12
12990,180,0.8565,11.4685,-79.12,-79.12
12999,180,1.5418,11.4685,-79.12,-79.12
13002,180,1.5418,11.9513,-79.12,-79.12
13010,180,4.2827,11.9513,-79.12,-79.12
13014,180,4.2827,11.5046,-79.12,-79.12
13021,180,-0.2570,11.5046,-79.12,-79.12
13025,180,-0.2570,11.4505,-79.12,-79.12
13032,180,0.5139,11.4505,-79.12,-79.12
13037,180,0.5139,11.5543,-79.12,-79.12
13043,180,6.8522,11.5543,-79.12,-79.12
13049,180,6.8522,11.6129,-79.12,-79.12
13054,180,-7.8801,11.6129,-79.12,-79.12
13061,180,-7.8801,11.6716,-79.12,-79.12
13065,180,-2.6552,11.6716,-79.12,-79.12
13073,180,-2.6552,11.0670,-79.12,-79.12
13076,180,-2.1413,11.0670,-79.12,-79.12
13085,180,-2.1413,11.2114,-79.12,-79.12
13086,180,7.9657,11.2114,-79.12,-79.12
13096,180,7.9657,11.0535,-79.12,-79.12
13097,180,3.5118,11.0535,-79.12,-79.12
13108,180,3.5118,10.7873,-79.12,-77.68
13108,180,6.0814,10.7873,-79.12,-79.12
13119,180,1.7987,10.7873,-79.12,-77.68
13120,180,1.7987,11.4640,-79.12,-79.12
13130,180,2.9979,11.4640,-79.12,-79.12
13132,180,2.9979,11.5813,-79.12,-79.12
13141,180,0.0857,11.5813,-79.12,-79.12
13144,180,0.0857,11.1708,-79.12,-79.12
13156,180,0.0857,11.0760,-79.12,-79.12
13163,180,9.1649,11.0760,-79.12,-79.12
13167,180,9.1649,11.0219,-79.12,-79.12
13174,180,-1.4561,11.0219,-79.12,-79.12
13179,180,-1.4561,11.1978,-79.12,-79.12
13185,180,4.0257,11.1978,-79.12,-79.12
13191,180,4.0257,11.5768,-79.12,-79.12
13196,180,-8.4797,11.5768,-79.12,-79.12
13203,180,-8.4797,11.6896,-79.12,-79.12
13207,180,-0.2570,11.6896,-79.12,-79.12
13215,180,-0.2570,11.1302,-79.12,-79.12
13218,180,0.0857,11.1302,-79.12,-79.12
13227,180,0.0857,11.4279,-79.12,-79.12
13229,180,2.0557,11.4279,-79.12,-79.12
13238,180,2.0557,11.6445,-79.12,-79.12
13240,180,11.1349,11.6445,-79.12,-79.12
13250,180,11.1349,11.6039,-79.12,-77.68
13251,180,1.4561,11.6039,-79.12,-79.12
13262,180,1.4561,11.0309,-79.12,-79.12
13262,180,-4.9679,11.0309,-79.12,-79.12
13273,180,-5.2248,11.0309,-79.12,-79.12
13274,180,-5.2248,10.7106,-79.12,-79.12
13284,180,4.2827,10.7106,-79.12,-79.12
13286,180,4.2827,10.8414,-79.12,-79.12
13295,180,-1.4561,10.8414,-79.12,-79.12
13297,180,-1.4561,10.7783,-79.12,-79.12
13306,180,-0.4283,10.7783,-79.12,-79.12
13309,180,-0.4283,11.4550,-79.12,-79.12
13317,180,-5.3105,11.4550,-79.12,-79.12
13321,180,-5.3105,11.6761,-79.12,-79.12
13328,180,5.3105,11.6761,-79.12,-79.12
13333,180,5.3105,11.3151,-79.12,-79.12
13339,180,-7.2805,11.3151,-79.12,-79.12
13345,180,-7.2805,11.2339,-79.12,-79.12
13350,180,-6.0814,11.2339,-79.12,-79.12
13357,180,-6.0814,11.3963,-79.12,-79.12
13361,180,6.4240,11.3963,-79.12,-79.12
13368,180,6.4240,11.5317,-79.12,-79.12
13372,180,-0.6852,11.5317,-79.12,-79.12
13380,180,-0.6852,11.6806,-79.12,-79.12
13383,180,0.5996,11.6806,-79.12,-79.12
13392,180,0.5996,11.4640,-79.12,-79.12
13394,180,-8.4797,11.4640,-79.12,-79.12
13404,180,-8.4797,11.5633,-79.12,-79.12
13405,180,1.6274,11.5633,-79.12,-79.12
13416,180,-7.6231,11.5633,-79.12,-79.12
13416,180,-7.6231,11.6264,-79.12,-79.12
13427,180,-0.6852,11.6264,-79.12,-79.12
13428,180,-0.6852,11.7934,-77.68,-79.12
13438,180,-0.1713,11.7934,-79.12,-79.12
13439,180,-0.1713,11.2926,-79.12,-79.12
13449,180,9.5931,11.2926,-79.12,-79.12
13451,180,9.5931,10.7331,-79.12,-79.12
13460,180,7.1949,10.7331,-79.12,-79.12
13463,180,7.1949,11.0715,-79.12,-79.12
13471,180,2.9979,11.0715,-79.12,-79.12
13475,180,2.9979,11.2926,-79.12,-79.12
13482,180,-4.1970,11.2926,-79.12,-79.12
13487,180,-4.1970,11.5543,-79.12,-79.12
13492,180,-0.0857,11.5543,-79.12,-79.12
13499,180,-0.0857,11.9648,-79.12,-79.12
13503,180,11.4775,11.9648,-79.12,-79.12
13510,180,11.4775,11.4009,-79.12,-79.12
13514,180,2.5696,11.4009,-79.12,-77.68
13522,180,2.5696,11.1888,-79.12,-79.12
13525,180,9.8501,11.1888,-79.12,-79.12
13534,180,9.8501,11.5001,-79.12,-79.12
13536,180,2.3126,11.5001,-79.12,-79.12
13546,180,2.3126,11.6580,-79.12,-79.12
13547,180,-2.1413,11.6580,-79.12,-79.12
13558,180,-2.1413,11.9423,-79.12,-79.12
13558,180,-7.3662,11.9423,-77.68,-79.12
13569,180,9.0792,11.9423,-79.12,-79.12
13570,180,9.0792,11.6174,-79.12,-79.12
13580,180,4.6253,11.6174,-79.12,-79.12
13581,180,4.6253,11.5182,-79.12,-79.12
13591,180,0.0000,11.5182,-79.12,-79.12
13593,180,0.0000,11.1753,-79.12,-79.12
13602,180,7.0236,11.1753,-79.12,-79.12
13605,180,7.0236,11.2881,-79.12,-79.12
13613,180,-2.7409,11.2881,-79.12,-79.12
13617,180,-2.7409,11.2430,-79.12,-79.12
13624,180,-5.9101,11.2430,-79.12,-79.12
13629,180,-5.9101,11.1347,-79.12,-79.12
13635,180,-0.5996,11.1347,-79.12,-79.12
13641,180,-0.5996,11.4550,-79.12,-79.12
13646,180,17.2163,11.4550,-79.12,-79.12
13652,180,17.2163,11.5768,-79.12,-79.12
13657,180,5.4818,11.5768,-79.12,-79.12
13664,180,5.4818,11.4730,-79.12,-79.12
13668,180,2.1413,11.4730,-79.12,-79.12
13676,180,2.1413,11.4279,-79.12,-79.12
13679,180,-5.9957,11.4279,-79.12,-79.12
13688,180,-5.9957,11.3332,-79.12,-79.12
13690,180,-7.1092,11.3332,-79.12,-79.12
13700,180,-7.1092,11.1617,-79.12,-77.68
13701,180,-0.5996,11.1617,-79.12,-79.12
13712,180,-0.5996,10.9452,-79.12,-79.12
13712,180,1.7131,10.9452,-77.68,-79.12
13723,180,7.9657,10.9452,-79.12,-79.12
13723,180,7.9657,11.1933,-79.12,-79.12
13734,180,3.1692,11.1933,-79.12,-79.12
13735,180,3.1692,11.2204,-79.12,-77.68
13745,180,6.0814,11.2204,-79.12,-79.12
13747,180,6.0814,11.3738,-79.12,-79.12
13756,180,-6.2527,11.3738,-79.12,-79.12
13759,180,-6.2527,11.4730,-79.12,-79.12
13767,180,0.3426,11.4730,-79.12,-79.12
13771,180,0.3426,11.0580,-79.12,-79.12
13778,180,-4.9679,11.0580,-79.12,-79.12
13783,180,-4.9679,11.2790,-79.12,-79.12
13789,180,-2.3126,11.2790,-79.12,-79.12
13794,180,-2.3126,11.3918,-79.12,-77.68
13800,180,-0.0857,11.3918,-79.12,-79.12
13806,180,-0.0857,11.2610,-79.12,-79.12
13811,180,1.5418,11.2610,-79.12,-79.12
13818,180,1.5418,11.4911,-79.12,-79.12
13822,180,5.3105,11.4911,-79.12,-79.12
13830,180,5.3105,11.4009,-79.12,-79.12
13833,180,4.5396,11.4009,-79.12,-79.12
13842,180,4.5396,11.2745,-79.12,-79.12
13844,180,15.7602,11.2745,-79.12,-79.12
13853,180,15.7602,10.7512,-79.12,-79.12
13855,180,0.2570,10.7512,-79.12,-79.12
13865,180,0.2570,10.8279,-79.12,-79.12
13866,180,-3.5974,10.8279,-79.12,-79.12
13877,180,2.6552,10.8279,-79.12,-79.12
13877,180,2.6552,11.3738,-79.12,-79.12
13888,180,10.2784,11.3738,-79.12,-79.12
13889,180,10.2784,11.2430,-79.12,-79.12
13898,180,3.2548,11.2430,-77.68,-79.12
13901,180,3.2548,11.4595,-79.12,-79.12
13909,180,0.3426,11.4595,-79.12,-79.12
13913,180,0.3426,11.3963,-79.12,-79.12
13920,180,1.1135,11.3963,-79.12,-79.12
13924,180,1.1135,11.4730,-79.12,-79.12
13931,180,-1.1135,11.4730,-79.12,-79.12
13936,180,-1.1135,11.3783,-79.12,-79.12
13942,180,6.6809,11.3783,-79.12,-79.12
13948,180,6.6809,11.0174,-79.12,-79.12
13953,180,3.1692,11.0174,-79.12,-79.12
13960,180,3.1692,11.0670,-79.12,-79.12
13964,180,7.7944,11.0670,-79.12,-79.12
13972,180,7.7944,11.5001,-79.12,-79.12
13975,180,3.0835,11.5001,-79.12,-79.12
13984,180,3.0835,11.6490,-79.12,-79.12
13986,180,11.5632,11.6490,-79.12,-79.12
13995,180,11.5632,11.5407,-79.12,-79.12
13997,180,2.1413,11.5407,-79.12,-79.12
14007,180,2.1413,11.3332,-79.12,-79.12
14008,180,5.6531,11.3332,-79.12,-79.12
14019,180,5.6531,11.3783,-79.12,-79.12
14019,180,7.3662,11.3783,-79.12,-79.12
14030,180,-1.6274,11.3783,-79.12,-79.12
14031,180,-1.6274,11.5633,-79.12,-79.12
14041,180,-6.9379,11.5633,-79.12,-79.12
14043,180,-6.9379,11.9468,-77.68,-79.12
14052,180,-6.4240,11.9468,-79.12,-79.12
14055,180,-6.4240,11.4595,-79.12,-79.12
14063,180,2.3983,11.4595,-79.12,-79.12
14066,180,2.3983,10.9587,-79.12,-79.12
14074,180,-3.2548,10.9587,-79.12,-79.12
14078,180,-3.2548,10.9452,-79.12,-79.12
14085,180,-2.7409,10.9452,-79.12,-79.12
14090,180,-2.7409,11.0670,-79.12,-79.12
14096,180,-5.3105,11.0670,-79.12,-79.12
14102,180,-5.3105,11.3151,-79.12,-79.12
14107,180,0.7709,11.3151,-79.12,-79.12
14114,180,0.7709,11.6174,-79.12,-79.12
14118,180,-5.5675,11.6174,-79.12,-79.12
14126,180,-5.5675,11.9919,-79.12,-79.12
14129,180,-4.2827,11.9919,-79.12,-79.12
14137,180,-4.2827,11.7979,-79.12,-79.12
14140,180,-1.1991,11.7979,-79.12,-79.12
14149,180,-1.1991,11.5407,-79.12,-79.12
14151,180,4.1970,11.5407,-79.12,-79.12
14161,180,4.1970,11.4324,-79.12,-79.12
14162,180,12.4197,11.4324,-79.12,-79.12
14173,180,7.7088,11.4324,-79.12,-79.12
14173,180,7.7088,11.1437,-79.12,-79.12
14184,180,1.7131,11.1437,-79.12,-79.12
14185,180,1.7131,11.5452,-79.12,-79.12
14195,180,-5.3105,11.5452,-79.12,-79.12
14197,180,-5.3105,11.6219,-79.12,-79.12
14206,180,3.5118,11.6219,-79.12,-79.12
14208,180,3.5118,11.8295,-79.12,-79.12
14217,180,-1.3704,11.8295,-79.12,-79.12
14220,180,-1.3704,11.7302,-79.12,-79.12
14228,180,-0.0857,11.7302,-79.12,-79.12
14232,180,-0.0857,11.4099,-79.12,-79.12
14239,180,0.8565,11.4099,-79.12,-79.12
14244,180,0.8565,11.2384,-79.12,-79.12
14250,180,0.7709,11.2384,-79.12,-79.12
14256,180,0.7709,11.2114,-79.12,-79.12
14261,180,1.6274,11.2114,-79.12,-79.12
14267,180,1.6274,11.7392,-79.12,-79.12
14272,180,4.1113,11.7392,-79.12,-77.68
14279,180,4.1113,11.8024,-79.12,-79.12
14283,180,3.3405,11.8024,-79.12,-79.12
14291,180,3.3405,11.5317,-79.12,-79.12
14294,180,-0.3426,11.5317,-79.12,-79.12
14303,180,-0.3426,11.2881,-79.12,-79.12
14304,180,8.0514,11.2881,-79.12,-79.12
14315,180,8.0514,11.2700,-79.12,-79.12
14315,180,0.2570,11.2700,-79.12,-79.12
14326,180,9.9358,11.2700,-79.12,-79.12
14327,180,9.9358,11.5497,-79.12,-79.12
14337,180,-2.8266,11.5497,-79.12,-77.68
14338,180,-2.8266,11.5723,-77.68,-77.68
14348,180,-4.7966,11.5723,-79.12,-79.12
14350,180,-4.7966,11.2971,-79.12,-79.12
14359,180,1.5418,11.2971,-79.12,-79.12
14362,180,1.5418,11.7392,-77.68,-79.12
14370,180,5.7388,11.7392,-79.12,-77.68
14374,180,5.7388,11.8926,-79.12,-79.12
14381,180,-0.9422,11.8926,-79.12,-79.12
14386,180,-0.9422,11.8520,-79.12,-79.12
14392,180,0.6852,11.8520,-79.12,-79.12
14398,180,0.6852,11.9107,-79.12,-79.12
14403,180,13.6188,11.9107,-79.12,-79.12
14409,180,13.6188,11.9558,-79.12,-79.12
14414,180,-0.4283,11.9558,-79.12,-79.12
14421,180,-0.4283,11.6986,-79.12,-79.12
14425,180,-2.3126,11.6986,-79.12,-79.12
14433,180,-2.3126,11.3693,-79.12,-79.12
14436,180,-1.0278,11.3693,-79.12,-79.12
14445,180,-1.0278,11.0760,-79.12,-79.12
14447,180,5.6531,11.0760,-79.12,-79.12
14457,180,5.6531,11.5182,-79.12,-79.12
14458,180,6.5096,11.5182,-79.12,-79.12
14469,180,6.5096,11.8249,-79.12,-79.12
14469,180,6.3383,11.8249,-79.12,-79.12
14480,180,-1.1135,11.8249,-79.12,-79.12
14480,180,-1.1135,11.7618,-79.12,-79.12
14491,180,-4.1113,11.7618,-79.12,-79.12
14492,180,-4.1113,11.3242,-79.12,-79.12
14502,180,4.1113,11.3242,-79.12,-79.12
14504,180,4.1113,11.1121,-79.12,-79.12
14513,180,5.9957,11.1121,-79.12,-79.12
14516,180,5.9957,10.7467,-79.12,-79.12
14524,180,4.8822,10.7467,-79.12,-79.12
14528,180,4.8822,10.5933,-79.12,-77.68
14535,180,-8.9079,10.5933,-79.12,-79.12
14540,180,-8.9079,10.5707,-79.12,-79.12
14546,180,1.0278,10.5707,-79.12,-79.12
14551,180,1.0278,10.7106,-79.12,-79.12
14557,180,1.1135,10.7106,-79.12,-79.12
14563,180,1.1135,11.3603,-79.12,-77.68
14568,180,1.3704,11.3603,-79.12,-79.12
14575,180,1.3704,11.8114,-79.12,-79.12
14579,180,3.0835,11.8114,-79.12,-79.12
14587,180,3.0835,11.2069,-79.12,-79.12
14590,180,3.2548,11.2069,-79.12,-79.12
14599,180,3.2548,10.8414,-79.12,-79.12
14601,180,0.0000,10.8414,-79.12,-79.12
14611,180,0.0000,11.0896,-79.12,-79.12
14612,180,-4.6253,11.0896,-79.12,-79.12
14622,180,-4.6253,11.0083,-79.12,-79.12
14623,180,3.8544,11.0083,-79.12,-79.12
14634,180,0.5139,11.0083,-79.12,-77.68
14634,180,0.5139,11.1437,-79.12,-79.12
14645,180,-0.7709,11.1437,-79.12,-79.12
14646,180,-0.7709,11.3828,-79.12,-79.12
14656,180,-11.3062,11.3828,-79.12,-77.68
14658,180,-11.3062,11.1933,-79.12,-79.12
14667,180,4.0257,11.1933,-79.12,-79.12
14670,180,4.0257,11.2339,-79.12,-79.12
14678,180,2.9122,11.2339,-79.12,-79.12
14682,180,2.9122,11.2881,-79.12,-79.12
14689,180,5.8244,11.2881,-79.12,-79.12
14693,180,5.8244,11.2565,-79.12,-79.12
14700,180,1.0278,11.2565,-79.12,-79.12
14705,180,1.0278,11.7708,-79.12,-79.12
14710,180,2.5696,11.7708,-79.12,-79.12
14717,180,2.5696,11.7257,-79.12,-79.12
14721,180,10.7923,11.7257,-79.12,-79.12
14729,180,10.7923,11.5046,-79.12,-79.12
14732,180,3.3405,11.5046,-79.12,-79.12
14741,180,3.3405,11.4415,-79.12,-79.12
14743,180,4.8822,11.4415,-79.12,-79.12
14752,180,4.8822,11.1888,-79.12,-79.12
14754,180,0.8565,11.1888,-79.12,-79.12
14764,180,0.8565,11.5227,-79.12,-79.12
14765,180,5.7388,11.5227,-79.12,-79.12
14776,180,5.7388,11.5768,-79.12,-79.12
14776,180,-4.5396,11.5768,-79.12,-79.12
14787,180,4.6253,11.5768,-79.12,-79.12
14788,180,4.6253,11.2430,-79.12,-79.12
14798,180,7.1092,11.2430,-79.12,-79.12
14800,180,7.1092,11.2114,-79.12,-79.12
14809,180,8.0514,11.2114,-79.12,-79.12
14812,180,8.0514,11.0083,-79.12,-79.12
14820,180,5.8244,11.0083,-79.12,-77.68
14823,180,5.8244,11.3287,-79.12,-79.12
14831,180,-1.2848,11.3287,-79.12,-79.12
14835,180,-1.2848,11.7483,-79.12,-77.68
14842,180,7.1949,11.7483,-79.12,-79.12
14847,180,7.1949,11.8881,-79.12,-79.12
14853,180,7.1092,11.8881,-79.12,-79.12
14859,180,7.1092,11.6355,-79.12,-79.12
14864,180,9.1649,11.6355,-79.12,-79.12
14871,180,9.1649,11.5136,-79.12,-79.12
14875,180,2.9979,11.5136,-79.12,-79.12
14883,180,2.9979,11.4009,-79.12,-79.12
14886,180,9.4218,11.4009,-79.12,-79.12
14894,180,9.4218,11.2655,-79.12,-79.12
14897,180,0.0000,11.2655,-79.12,-79.12
14906,180,0.0000,11.0986,-79.12,-79.12
14908,180,0.4283,11.0986,-79.12,-79.12
14918,180,0.4283,11.0535,-79.12,-79.12
14919,180,-2.1413,11.0535,-79.12,-79.12
14930,180,-2.1413,11.1166,-79.12,-79.12
14930,180,0.5139,11.1166,-79.12,-79.12
14941,180,3.1692,11.1166,-79.12,-77.68
14942,180,3.1692,11.2700,-79.12,-79.12
14952,180,5.0535,11.2700,-79.12,-79.12
14954,180,5.0535,11.4866,-79.12,-79.12
14963,180,11.0493,11.4866,-79.12,-79.12
14965,180,11.0493,11.8114,-79.12,-79.12
14974,180,2.3983,11.8114,-79.12,-79.12
14977,180,2.3983,11.6535,-79.12,-79.12
14985,180,11.2206,11.6535,-79.12,-79.12
14989,180,11.2206,11.3603,-79.12,-79.12
14996,180,8.2227,11.3603,-79.12,-79.12
15001,180,8.2227,11.4099,-79.12,-79.12
15007,180,5.2248,11.4099,-79.12,-79.12
15013,180,5.2248,11.4956,-79.12,-79.12
15018,180,2.8266,11.4956,-79.12,-79.12
15025,180,2.8266,11.3242,-79.12,-79.12
15029,180,7.7944,11.3242,-79.12,-79.12
15036,180,7.7944,11.2114,-79.12,-79.12
15040,180,1.1991,11.2114,-79.12,-79.12
15048,180,1.1991,11.4370,-79.12,-79.12
15051,180,5.8244,11.4370,-79.12,-79.12
15060,180,5.8244,11.4956,-79.12,-79.12
15062,180,4.7966,11.4956,-79.12,-79.12
15072,180,4.7966,11.4054,-79.12,-77.68
15073,180,-11.3919,11.4054,-79.12,-79.12
15084,180,-4.1970,11.4054,-79.12,-79.12
15084,180,-4.1970,11.1482,-79.12,-79.12
15095,180,-6.4240,11.1482,-79.12,-79.12
15096,180,-6.4240,10.7602,-79.12,-79.12
15105,180,7.7944,10.7602,-79.12,-79.12
15107,180,7.7944,10.9768,-79.12,-79.12
15116,180,2.9979,10.9768,-79.12,-79.12
15119,180,2.9979,11.1527,-79.12,-79.12
15127,180,1.7131,11.1527,-79.12,-79.12
15131,180,1.7131,11.2655,-79.12,-79.12
15138,180,0.0857,11.2655,-79.12,-79.12
15143,180,0.0857,11.4956,-79.12,-79.12
15149,180,1.4561,11.4956,-79.12,-79.12
15155,180,1.4561,11.4144,-79.12,-79.12
15160,180,3.5118,11.4144,-79.12,-79.12
15167,180,3.5118,11.5227,-79.12,-79.12
15171,180,3.9400,11.5227,-79.12,-77.68
15178,180,3.9400,11.4685,-79.12,-79.12
15182,180,12.8480,11.4685,-79.12,-79.12
15190,180,12.8480,11.2655,-79.12,-79.12
15193,180,6.4240,11.2655,-79.12,-79.12
15202,180,6.4240,11.4144,-79.12,-79.12
15204,180,6.7666,11.4144,-79.12,-79.12
15214,180,6.7666,11.7076,-79.12,-79.12
15215,180,-1.7131,11.7076,-79.12,-79.12
15226,180,-1.7131,11.3377,-79.12,-79.12
15226,180,4.1970,11.3377,-79.12,-79.12
15237,180,-2.1413,11.3377,-79.12,-79.12
15237,180,-2.1413,11.1663,-79.12,-79.12
15248,180,3.4261,11.1663,-79.12,-79.12
15249,180,3.4261,11.3557,-79.12,-79.12
15259,180,5.2248,11.3557,-79.12,-79.12
15261,180,5.2248,11.4189,-79.12,-79.12
15270,180,3.5974,11.4189,-79.12,-79.12
15273,180,3.5974,11.0715,-79.12,-79.12
15281,180,7.1949,11.0715,-79.12,-79.12
15285,180,7.1949,10.9587,-79.12,-79.12
15292,180,1.1991,10.9587,-79.12,-79.12
15297,180,1.1991,10.9542,-79.12,-79.12
15303,180,4.1113,10.9542,-79.12,-79.12
15308,180,4.1113,11.3377,-79.12,-79.12
15314,180,-4.0257,11.3377,-79.12,-79.12
15320,180,-4.0257,11.7257,-79.12,-79.12
15325,180,0.4283,11.7257,-79.12,-79.12
15332,180,0.4283,11.1888,-79.12,-79.12
15336,180,1.1991,11.1888,-79.12,-77.68
15344,180,1.1991,11.2610,-79.12,-79.12
15347,180,2.3126,11.2610,-79.12,-79.12
15356,180,2.3126,11.3106,-79.12,-79.12
15358,180,3.6831,11.3106,-79.12,-79.12
15368,180,3.6831,11.4234,-79.12,-79.12
15369,180,11.5632,11.4234,-79.12,-79.12
15379,180,11.5632,10.9542,-79.12,-79.12
15380,180,8.0514,10.9542,-79.12,-79.12
15391,180,9.2505,10.9542,-79.12,-79.12
15391,180,9.2505,10.8910,-79.12,-79.12
15402,180,10.5353,10.8910,-79.12,-79.12
15403,180,10.5353,11.7167,-79.12,-79.12
15413,180,-3.9400,11.7167,-79.12,-79.12
15415,180,-3.9400,11.7708,-79.12,-79.12
15424,180,7.9657,11.7708,-79.12,-79.12
15427,180,7.9657,11.5903,-79.12,-79.12
15435,180,3.3405,11.5903,-79.12,-79.12
15439,180,3.3405,11.6355,-79.12,-79.12
15446,180,1.9700,11.6355,-79.12,-79.12
15450,180,1.9700,11.1753,-79.12,-79.12
15457,180,-8.8223,11.1753,-79.12,-79.12
15462,180,-8.8223,11.0444,-79.12,-79.12
15468,180,-4.0257,11.0444,-79.12,-79.12
15479,180,-0.8565,11.0444,-79.12,-79.12
15486,180,-0.8565,11.2249,-79.12,-79.12
15490,180,5.7388,11.2249,-79.12,-79.12
15498,180,5.7388,11.2520,-79.12,-79.12
15510,180,5.7388,10.9948,-79.12,-79.12
15511,180,-3.7687,10.9948,-79.12,-79.12
15521,180,-3.7687,11.2294,-79.12,-79.12
15522,180,2.9979,11.2294,-79.12,-79.12
15533,180,2.9979,11.2655,-79.12,-79.12
15533,180,2.3126,11.2655,-79.12,-79.12
15544,180,10.1927,11.2655,-79.12,-79.12
15545,180,10.1927,11.3963,-79.12,-79.12
15555,180,-0.1713,11.3963,-79.12,-79.12
15557,180,-0.1713,11.6264,-79.12,-79.12
15566,180,6.1670,11.6264,-79.12,-79.12
15569,180,6.1670,11.5362,-79.12,-79.12
15577,180,-5.3105,11.5362,-79.12,-79.12
15581,180,-5.3105,11.4821,-79.12,-79.12
15588,180,-0.5996,11.4821,-79.12,-79.12
15592,180,-0.5996,11.2836,-79.12,-79.12
15599,180,-2.6552,11.2836,-79.12,-79.12
15604,180,-2.6552,11.6445,-79.12,-79.12
15610,180,-3.3405,11.6445,-79.12,-79.12
15616,180,-3.3405,11.4415,-79.12,-79.12
15621,180,4.2827,11.4415,-79.12,-77.68
15628,180,4.2827,11.0580,-77.68,-79.12
15632,180,-3.5118,11.0580,-79.12,-79.12
15640,180,-3.5118,11.1663,-79.12,-79.12
15643,180,-4.2827,11.1663,-79.12,-79.12
15652,180,-4.2827,11.0219,-79.12,-79.12
15654,180,-6.9379,11.0219,-79.12,-79.12
15663,180,-6.9379,11.2430,-79.12,-79.12
15665,180,4.2827,11.2430,-79.12,-79.12
15675,180,4.2827,11.4640,-79.12,-79.12
15676,180,-1.2848,11.4640,-79.12,-79.12
15687,180,-1.2848,11.4821,-79.12,-79.12
15687,180,-0.4283,11.4821,-79.12,-79.12
15698,180,3.5974,11.4821,-79.12,-79.12
15699,180,3.5974,11.1933,-79.12,-79.12
15709,180,-2.3983,11.1933,-79.12,-79.12
15711,180,-2.3983,10.7151,-79.12,-79.12
15720,180,-8.9079,10.7151,-79.12,-79.12
15723,180,-8.9079,11.1572,-79.12,-79.12
15731,180,-4.6253,11.1572,-79.12,-79.12
15734,180,-4.6253,11.1978,-79.12,-79.12
15742,180,2.1413,11.1978,-79.12,-79.12
15746,180,2.1413,11.3332,-79.12,-79.12
15753,180,6.3383,11.3332,-79.12,-79.12
15758,180,6.3383,11.2565,-79.12,-79.12
15764,180,13.3619,11.2565,-79.12,-79.12
15770,180,13.3619,11.4324,-79.12,-79.12
15775,180,-3.2548,11.4324,-79.12,-79.12
15782,180,-3.2548,11.7483,-79.12,-77.68
15786,180,4.1113,11.7483,-79.12,-79.12
15793,180,4.1113,11.3557,-79.12,-79.12
15797,180,1.7131,11.3557,-79.12,-79.12
15805,180,1.7131,11.6039,-79.12,-79.12
15808,180,6.5096,11.6039,-79.12,-79.12
15817,180,6.5096,12.0686,-79.12,-79.12
15819,180,42.3126,12.0686,-79.12,-79.12
15829,180,42.3126,11.5813,-79.12,-79.12
15830,180,300.2141,11.5813,-79.12,-79.12
15841,180,484.7966,11.5813,-79.12,-79.12
15841,180,484.7966,11.1617,-79.12,-79.12
15852,180,504.3255,11.1617,-79.12,-79.12
15853,180,504.3255,11.1437,-79.12,-79.12
15863,180,607.0236,11.1437,-79.12,-79.12
15864,180,607.0236,11.6580,-77.68,-79.12
15874,180,710.8351,11.6580,-79.12,-79.12
15876,180,710.8351,11.8024,-79.12,-79.12
15885,180,834.6038,11.8024,-79.12,-79.12
15888,180,834.6038,11.5678,-79.12,-79.12
15896,180,941.1563,11.5678,-79.12,-79.12
15900,180,941.1563,11.2475,-79.12,-79.12
15907,180,1048.7366,11.2475,-79.12,-79.12
15912,180,1048.7366,10.6835,-79.12,-77.68
15917,180,1157.1735,10.6835,-79.12,-79.12
15924,180,1157.1735,11.2114,-79.12,-79.12
15928,180,1262.6124,11.2114,-79.12,-79.12
15935,180,1262.6124,11.2971,-79.12,-79.12
15939,180,1343.2120,11.2971,-79.12,-79.12
15947,180,1343.2120,11.5272,-79.12,-79.12
15950,180,1411.3062,11.5272,-79.12,-79.12
15959,180,1411.3062,11.6580,-79.12,-79.12
15961,180,1487.4518,11.6580,-79.12,-79.12
15971,180,1487.4518,10.9948,-79.12,-79.12
15972,180,1540.3854,10.9948,-79.12,-79.12
15983,180,1540.3854,11.1708,-79.12,-79.12
15983,180,1590.4069,11.1708,-79.12,-79.12
15994,180,1627.6659,11.1708,-79.12,-79.12
15995,180,1627.6659,11.3332,-79.12,-77.68
16005,180,1676.8308,11.3332,-79.12,-79.12
16006,180,1676.8308,11.0219,-79.12,-79.12
16016,180,1721.6274,11.0219,-79.12,-77.68
16018,180,1721.6274,11.3377,-79.12,-79.12
16027,180,1767.5375,11.3377,-79.12,-79.12
16030,180,1767.5375,11.6535,-79.12,-79.12
16038,180,1807.9657,11.6535,-79.12,-79.12
16042,180,1807.9657,11.5994,-79.12,-79.12
16049,180,1837.6017,11.5994,-79.12,-79.12
16054,180,1837.6017,11.7257,-79.12,-79.12
16060,180,1852.8479,11.7257,-79.12,-79.12
16066,180,1852.8479,11.5858,-79.12,-79.12
16071,180,1872.3768,11.5858,-79.12,-79.12
16077,180,1872.3768,11.1888,-79.12,-77.68
16082,180,1887.8800,11.1888,-79.12,-79.12
16093,180,1889.6788,11.1888,-79.12,-79.12
16101,180,1889.6788,11.2700,-79.12,-79.12
16104,180,1909.6360,11.2700,-79.12,-79.12
16113,180,1909.6360,10.9497,-77.68,-79.12
16115,180,1911.6917,10.9497,-79.12,-79.12
16125,180,1911.6917,11.2971,-79.12,-79.12
16126,180,1927.9657,11.2971,-79.12,-79.12
16137,180,1927.9657,11.5949,-77.68,-77.68
16137,180,1954.3469,11.5949,-79.12,-79.12
16148,180,1990.4924,11.5949,-79.12,-79.12
16148,180,1990.4924,11.7302,-79.12,-79.12
16159,180,2024.2397,11.7302,-79.12,-79.12
16160,180,2024.2397,11.9919,-79.12,-79.12
16170,180,2050.1926,11.9919,-79.12,-79.12
16172,180,2050.1926,11.8159,-79.12,-79.12
16181,180,2056.6167,11.8159,-79.12,-79.12
16184,180,2056.6167,11.3557,-79.12,-79.12
16192,180,2048.5652,11.3557,-79.12,-79.12
16196,180,2048.5652,11.3873,-79.12,-79.12
16203,180,2028.1798,11.3873,-79.12,-79.12
16208,180,2028.1798,11.3467,-79.12,-79.12
16214,180,2001.1135,11.3467,-79.12,-79.12
16219,180,2001.1135,11.2745,-79.12,-79.12
16225,180,1972.4197,11.2745,-79.12,-79.12
16231,180,1972.4197,11.1617,-79.12,-79.12
16236,180,1901.4132,11.1617,-79.12,-79.12
16243,180,1901.4132,11.2565,-79.12,-79.12
16247,180,1820.4711,11.2565,-79.12,-79.12
16255,180,1820.4711,11.4821,-79.12,-79.12
16258,180,1690.1071,11.4821,-79.12,-79.12
16267,180,1690.1071,11.5723,-79.12,-79.12
16269,180,1526.5952,11.5723,-79.12,-79.12
16278,180,1526.5952,11.3693,-79.12,-79.12
16280,180,1300.8137,11.3693,-79.12,-79.12
16290,180,1300.8137,10.7151,-79.12,-79.12
16291,180,1021.5846,10.7151,-79.12,-79.12
16302,180,699.0150,10.7151,-79.12,-79.12
16302,180,699.0150,10.9136,-79.12,-79.12
16313,180,372.5053,10.9136,-79.12,-79.12
16314,180,372.5053,11.6490,-79.12,-79.12
16324,180,131.6488,11.6490,-79.12,-79.12
16326,180,131.6488,11.7392,-79.12,-79.12
16334,180,15.9315,11.7392,-79.12,-79.12
16338,180,15.9315,11.3918,-79.12,-79.12
16345,180,15.1606,11.3918,-79.12,-79.12
16349,180,15.1606,11.2610,-79.12,-79.12
16356,180,4.1970,11.2610,-79.12,-79.12
16361,180,4.1970,11.7302,-79.12,-79.12
16367,180,6.5096,11.7302,-79.12,-79.12
16373,180,6.5096,11.7528,-79.12,-79.12
16378,180,4.0257,11.7528,-79.12,-79.12
16385,180,4.0257,11.5903,-79.12,-79.12
16389,180,3.0835,11.5903,-79.12,-79.12
16397,180,3.0835,11.4821,-79.12,-79.12
16400,180,1.1991,11.4821,-79.12,-79.12
16409,180,1.1991,11.3422,-79.12,-79.12
16411,180,-0.0857,11.3422,-79.12,-79.12
16420,180,-0.0857,11.2339,-79.12,-79.12
16422,180,5.4818,11.2339,-79.12,-79.12
16432,180,5.4818,11.5678,-79.12,-79.12
16433,180,0.5996,11.5678,-79.12,-79.12
16444,180,0.5996,11.8430,-79.12,-79.12
16444,180,4.3683,11.8430,-79.12,-79.12
16455,180,2.0557,11.8430,-79.12,-79.12
16456,180,2.0557,11.4911,-79.12,-79.12
16466,180,6.7666,11.4911,-79.12,-79.12
16468,180,6.7666,11.3738,-79.12,-79.12
16477,180,8.0514,11.3738,-79.12,-79.12
16480,180,8.0514,11.6264,-79.12,-79.12
16488,180,13.2762,11.6264,-79.12,-79.12
16491,180,13.2762,11.6084,-79.12,-79.12
16499,180,6.5953,11.6084,-79.12,-79.12
16503,180,6.5953,11.3242,-79.12,-79.12
16510,180,2.9979,11.3242,-79.12,-79.12
16515,180,2.9979,11.1617,-79.12,-79.12
16521,180,1.9700,11.1617,-79.12,-79.12
16527,180,1.9700,11.1347,-79.12,-79.12
16532,180,4.7966,11.1347,-79.12,-79.12
16539,180,4.7966,11.0941,-79.12,-79.12
16543,180,13.8758,11.0941,-79.12,-79.12
16551,180,13.8758,11.4640,-79.12,-79.12
16554,180,6.2527,11.4640,-79.12,-79.12
16562,180,6.2527,11.5497,-79.12,-79.12
16565,180,7.2805,11.5497,-79.12,-79.12
16574,180,7.2805,11.1663,-79.12,-79.12
16576,180,1.1991,11.1663,-79.12,-79.12
16586,180,1.1991,11.3693,-79.12,-79.12
16587,180,9.3362,11.3693,-79.12,-79.12
16598,180,3.4261,11.3693,-79.12,-79.12
16598,180,3.4261,11.4550,-79.12,-79.12
16609,180,5.3105,11.4550,-79.12,-79.12
16610,180,5.3105,11.1617,-79.12,-79.12
16620,180,2.9979,11.1617,-79.12,-79.12
16622,180,2.9979,11.2249,-79.12,-79.12
16631,180,1.3704,11.2249,-79.12,-79.12
16633,180,1.3704,11.4099,-79.12,-79.12
16642,180,6.4240,11.4099,-79.12,-79.12
16645,180,6.4240,11.4234,-79.12,-79.12
16653,180,-4.3683,11.4234,-79.12,-79.12
16657,180,-4.3683,11.0083,-79.12,-79.12
16664,180,7.8801,11.0083,-79.12,-79.12
16669,180,7.8801,11.2249,-77.68,-79.12
16675,180,4.6253,11.2249,-79.12,-79.12
16681,180,4.6253,11.4730,-79.12,-79.12
16686,180,4.1970,11.4730,-79.12,-79.12
16693,180,4.1970,11.3422,-79.12,-79.12
16697,180,-4.4540,11.3422,-79.12,-79.12
16704,180,-4.4540,11.2700,-79.12,-79.12
16708,180,2.1413,11.2700,-79.12,-79.12
16716,180,2.1413,11.2294,-79.12,-79.12
16719,180,1.3704,11.2294,-79.12,-79.12
16728,180,1.3704,11.2565,-79.12,-79.12
16730,180,-0.8565,11.2565,-79.12,-79.12
16740,180,-0.8565,11.3873,-79.12,-79.12
16740,180,4.2827,11.3873,-79.12,-79.12
16751,180,6.3383,11.3873,-79.12,-79.12
16762,180,13.3619,11.3873,-79.12,-79.12
16764,180,13.3619,11.4595,-79.12,-79.12
16773,180,0.7709,11.4595,-79.12,-79.12
16775,180,0.7709,11.3377,-79.12,-79.12
16784,180,2.7409,11.3377,-79.12,-79.12
16787,180,2.7409,10.8910,-79.12,-79.12
16795,180,-1.7987,10.8910,-79.12,-79.12
16799,180,-1.7987,11.1708,-79.12,-79.12
16806,180,7.1949,11.1708,-79.12,-79.12
16811,180,7.1949,10.8459,-79.12,-79.12
16817,180,3.2548,10.8459,-79.12,-79.12
16823,180,3.2548,11.1211,-79.12,-79.12
16828,180,2.0557,11.1211,-79.12,-79.12
16834,180,2.0557,11.3106,-79.12,-79.12
16839,180,-0.2570,11.3106,-79.12,-79.12
16846,180,-0.2570,11.0038,-79.12,-79.12
16850,180,1.0278,11.0038,-79.12,-79.12
16858,180,1.0278,11.1347,-79.12,-79.12
16861,180,9.4218,11.1347,-79.12,-79.12
16870,180,9.4218,11.6355,-79.12,-79.12
16872,180,5.1392,11.6355,-79.12,-79.12
16882,180,5.1392,11.6084,-79.12,-79.12
16883,180,7.2805,11.6084,-79.12,-79.12
16894,180,7.2805,11.0715,-79.12,-77.68
16894,180,4.0257,11.0715,-79.12,-79.12
16905,180,11.3919,11.0715,-79.12,-79.12
16905,180,11.3919,10.6880,-79.12,-79.12
16916,180,3.8544,10.6880,-79.12,-79.12
16917,180,3.8544,10.6925,-79.12,-79.12
16927,180,13.0193,10.6925,-79.12,-79.12
16929,180,13.0193,11.0670,-79.12,-79.12
16938,180,5.0535,11.0670,-79.12,-79.12
16941,180,5.0535,11.4370,-79.12,-79.12
16949,180,2.3983,11.4370,-79.12,-79.12
16953,180,2.3983,11.2520,-79.12,-79.12
16960,180,5.7388,11.2520,-79.12,-79.12
16965,180,5.7388,11.3693,-79.12,-79.12
16971,180,0.0000,11.3693,-79.12,-79.12
16976,180,0.0000,11.5903,-79.12,-79.12
16982,180,0.8565,11.5903,-79.12,-77.68
16988,180,0.8565,10.9362,-79.12,-79.12
16993,180,3.0835,10.9362,-79.12,-79.12
17000,180,3.0835,10.9181,-79.12,-79.12
17004,180,-0.5996,10.9181,-79.12,-79.12
17012,180,-0.5996,10.7467,-79.12,-79.12
17015,180,-7.3662,10.7467,-79.12,-79.12
17024,180,-7.3662,11.0219,-79.12,-79.12
17026,180,6.9379,11.0219,-79.12,-79.12
17036,180,6.9379,11.3693,-79.12,-79.12
17037,180,9.3362,11.3693,-79.12,-77.68
17047,180,9.3362,11.1933,-79.12,-79.12
17048,180,7.6231,11.1933,-79.12,-79.12
17059,180,2.7409,11.1933,-79.12,-79.12
17059,180,2.7409,11.2249,-79.12,-79.12
17070,180,1.5418,11.2249,-79.12,-77.68
17071,180,1.5418,11.4054,-79.12,-79.12
17081,180,0.6852,11.4054,-79.12,-79.12
17083,180,0.6852,11.1753,-79.12,-79.12
17092,180,0.7709,11.1753,-77.68,-79.12
17095,180,0.7709,11.3287,-79.12,-79.12
17103,180,11.9058,11.3287,-79.12,-79.12
17107,180,11.9058,11.3106,-79.12,-79.12
17114,180,5.9957,11.3106,-79.12,-79.12
17118,180,5.9957,11.0174,-79.12,-79.12
17125,180,5.5675,11.0174,-79.12,-79.12
17130,180,5.5675,10.6700,-79.12,-79.12
17136,180,-0.5139,10.6700,-79.12,-79.12
17142,180,-0.5139,11.0580,-79.12,-77.68
17147,180,0.0000,11.0580,-79.12,-79.12
17154,180,0.0000,11.0896,-79.12,-79.12
17157,180,-2.9979,11.0896,-79.12,-79.12
17166,180,-2.9979,11.4595,-79.12,-79.12
17168,180,3.6831,11.4595,-79.12,-79.12
17178,180,3.6831,11.5317,-79.12,-79.12
17179,180,8.3084,11.5317,-79.12,-79.12
17189,180,8.3084,11.2565,-79.12,-79.12
17190,180,12.2484,11.2565,-79.12,-79.12
17201,180,12.2484,11.4189,-79.12,-79.12
17201,180,5.9957,11.4189,-79.12,-79.12
17212,180,-3.5118,11.4189,-79.12,-79.12
17213,180,-3.5118,11.1888,-79.12,-79.12
17223,180,9.4218,11.1888,-79.12,-79.12
17225,180,9.4218,11.6174,-79.12,-79.12
17234,180,9.1649,11.6174,-79.12,-79.12
17237,180,9.1649,11.6039,-79.12,-79.12
17245,180,10.6210,11.6039,-79.12,-77.68
17249,180,10.6210,11.1392,-79.12,-79.12
17256,180,4.7109,11.1392,-79.12,-79.12
17260,180,4.7109,11.2836,-79.12,-79.12
17267,180,9.5075,11.2836,-79.12,-79.12
17272,180,9.5075,10.9813,-77.68,-79.12
17278,180,-4.0257,10.9813,-79.12,-79.12
17284,180,-4.0257,11.0264,-79.12,-79.12
17289,180,-2.1413,11.0264,-79.12,-79.12
17296,180,-2.1413,11.5091,-79.12,-79.12
17300,180,4.6253,11.5091,-79.12,-79.12
17308,180,4.6253,11.0580,-79.12,-79.12
17311,180,1.5418,11.0580,-79.12,-79.12
17320,180,1.5418,11.3422,-79.12,-79.12
17322,180,11.2206,11.3422,-79.12,-79.12
17331,180,11.2206,11.4505,-79.12,-79.12
17333,180,4.8822,11.4505,-79.12,-79.12
17343,180,4.8822,11.1347,-79.12,-79.12
17344,180,-2.8266,11.1347,-79.12,-79.12
17355,180,4.5396,11.0264,-79.12,-79.12
17366,180,19.9572,11.0264,-79.12,-79.12
17367,180,19.9572,10.9136,-79.12,-79.12
17377,180,2.2270,10.9136,-79.12,-79.12
17379,180,2.2270,11.4821,-79.12,-79.12
17388,180,-3.4261,11.4821,-79.12,-79.12
17390,180,-3.4261,11.6761,-79.12,-79.12
17399,180,-3.7687,11.6761,-79.12,-79.12
17402,180,-3.7687,11.0805,-79.12,-79.12
17410,180,3.5118,11.0805,-79.12,-79.12
17414,180,3.5118,10.7467,-79.12,-79.12
17421,180,6.8522,10.7467,-79.12,-79.12
17426,180,6.8522,10.6880,-79.12,-79.12
17432,180,13.0193,10.6880,-79.12,-79.12
17438,180,13.0193,11.2159,-79.12,-79.12
17443,180,10.1071,11.2159,-79.12,-77.68
17450,180,10.1071,11.2971,-79.12,-79.12
17454,180,-2.9122,11.2971,-79.12,-77.68
17461,180,-2.9122,11.5633,-79.12,-79.12
17465,180,10.9636,11.5633,-79.12,-79.12
17473,180,10.9636,11.5362,-79.12,-79.12
17476,180,1.1991,11.5362,-79.12,-79.12
17485,180,1.1991,11.5001,-79.12,-79.12
17487,180,3.9400,11.5001,-79.12,-77.68
17497,180,3.9400,11.6851,-79.12,-79.12
17498,180,1.6274,11.6851,-79.12,-79.12
17509,180,5.9101,11.6851,-79.12,-79.12
17509,180,5.9101,11.7979,-79.12,-79.12
17520,180,10.1927,11.7979,-79.12,-79.12
17521,180,10.1927,11.7347,-79.12,-79.12
17531,180,1.1991,11.7347,-79.12,-79.12
17532,180,1.1991,11.2430,-79.12,-79.12
17542,180,-0.9422,11.2430,-79.12,-79.12
17544,180,-0.9422,11.1708,-79.12,-79.12
17553,180,1.9700,11.1708,-79.12,-79.12
17556,180,1.9700,10.6158,-79.12,-79.12
17564,180,7.1092,10.6158,-79.12,-79.12
17568,180,7.1092,10.5978,-79.12,-79.12
17575,180,4.4540,10.5978,-79.12,-79.12
17580,180,4.4540,10.6880,-79.12,-79.12
17585,180,9.1649,10.6880,-79.12,-79.12
17592,180,9.1649,10.7737,-79.12,-79.12
17596,180,-0.5996,10.7737,-79.12,-79.12
17603,180,-0.5996,11.4505,-79.12,-79.12
17607,180,-0.6852,11.4505,-79.12,-79.12
17615,180,-0.6852,11.5768,-79.12,-79.12
17618,180,3.1692,11.5768,-79.12,-79.12
17627,180,3.1692,11.1978,-79.12,-79.12
17629,180,10.9636,11.1978,-79.12,-79.12
17639,180,10.9636,11.2114,-79.12,-79.12
17640,180,4.1113,11.2114,-79.12,-79.12
17651,180,3.6831,11.2114,-79.12,-79.12
17662,180,12.6767,11.2114,-79.12,-79.12
17663,180,12.6767,11.1617,-79.12,-79.12
17673,180,6.7666,11.1617,-79.12,-79.12
17674,180,6.7666,11.2384,-79.12,-79.12
17684,180,6.6809,11.2384,-79.12,-79.12
17686,180,6.6809,11.6941,-79.12,-79.12
17695,180,3.5974,11.6941,-79.12,-79.12
17698,180,3.5974,11.8295,-79.12,-79.12
17706,180,6.2527,11.8295,-79.12,-79.12
17710,180,6.2527,11.5678,-79.12,-79.12
17717,180,8.9936,11.5678,-79.12,-79.12
17722,180,8.9936,11.0625,-79.12,-79.12
17728,180,11.9914,11.0625,-79.12,-79.12
17734,180,11.9914,11.0715,-79.12,-79.12
17739,180,7.0236,11.0715,-79.12,-79.12
17745,180,7.0236,11.0941,-79.12,-79.12
17750,180,-0.1713,11.0941,-77.68,-79.12
17757,180,-0.1713,11.0219,-79.12,-79.12
17761,180,-1.7987,11.0219,-79.12,-79.12
17769,180,-1.7987,11.0129,-77.68,-79.12
17772,180,-11.2206,11.0129,-79.12,-79.12
17781,180,-11.2206,11.0309,-79.12,-79.12
17783,180,-0.8565,11.0309,-79.12,-79.12
17793,180,-0.8565,10.7106,-79.12,-79.12
17794,180,-1.1135,10.7106,-79.12,-79.12
17805,180,-1.1135,11.0219,-79.12,-79.12
17805,180,6.1670,11.0219,-79.12,-79.12
17816,180,3.4261,11.0219,-79.12,-79.12
17816,180,3.4261,11.2023,-79.12,-79.12
17827,180,4.4540,11.2023,-79.12,-79.12
17828,180,4.4540,11.2204,-79.12,-79.12
17838,180,1.9700,11.2204,-79.12,-79.12
17840,180,1.9700,11.1978,-79.12,-79.12
17849,180,4.6253,11.1978,-79.12,-79.12
17852,180,4.6253,10.8640,-79.12,-79.12
17860,180,10.2784,10.8640,-79.12,-79.12
17864,180,10.2784,10.9497,-79.12,-79.12
17871,180,1.6274,10.9497,-79.12,-79.12
17876,180,1.6274,11.3332,-79.12,-79.12
17882,180,2.5696,11.3332,-79.12,-79.12
17887,180,2.5696,11.2971,-79.12,-79.12
17893,180,5.9101,11.2971,-79.12,-79.12
17899,180,5.9101,11.1843,-79.12,-79.12
17904,180,13.7045,11.1843,-79.12,-79.12
17911,180,13.7045,11.2204,-79.12,-79.12
17915,180,6.5096,11.2204,-79.12,-79.12
17923,180,6.5096,11.1843,-79.12,-79.12
17926,180,10.7923,11.1843,-79.12,-79.12
17935,180,10.7923,11.0941,-79.12,-79.12
17937,180,3.4261,11.0941,-79.12,-79.12
17946,180,3.4261,11.2339,-79.12,-79.12
17948,180,-0.1713,11.2339,-79.12,-79.12
17958,180,-0.1713,11.6309,-79.12,-79.12
17959,180,5.9101,11.6309,-79.12,-79.12
17970,180,9.7645,11.6309,-79.12,-79.12
17970,180,9.7645,12.0189,-79.12,-79.12
17981,180,10.1927,12.0189,-79.12,-79.12
17982,180,10.1927,12.0866,-79.12,-79.12
17991,180,-1.6274,12.0866,-79.12,-79.12
17994,180,-1.6274,11.5001,-79.12,-79.12
18002,180,1.4561,11.5001,-79.12,-79.12
18006,180,1.4561,11.0219,-79.12,-79.12
18013,180,-6.3383,11.0219,-79.12,-79.12
18017,180,-6.3383,11.0129,-79.12,-79.12
18024,180,1.1135,11.0129,-79.12,-79.12
18029,180,1.1135,10.9001,-79.12,-79.12
18035,180,-2.2270,10.9001,-79.12,-79.12
18041,180,-2.2270,11.3106,-77.68,-79.12
18046,180,12.6767,11.3106,-79.12,-79.12
18053,180,12.6767,11.2384,-79.12,-79.12
18057,180,12.7623,11.2384,-79.12,-79.12
18065,180,12.7623,11.6806,-79.12,-79.12
18068,180,8.3084,11.6806,-79.12,-79.12
18077,180,8.3084,11.6716,-77.68,-79.12
18079,180,8.4797,11.6716,-77.68,-79.12
18088,180,8.4797,11.2971,-79.12,-77.68
18090,180,1.8844,11.2971,-79.12,-79.12
18100,180,1.8844,10.9271,-79.12,-79.12
18101,180,2.9979,10.9271,-79.12,-79.12
18112,180,2.9979,11.2023,-79.12,-79.12
18112,180,5.6531,11.2023,-79.12,-79.12
18123,180,14.1328,11.2023,-79.12,-79.12
18124,180,14.1328,11.5497,-79.12,-79.12
18134,180,6.0814,11.5497,-79.12,-79.12
18136,180,6.0814,11.9377,-79.12,-79.12
18145,180,5.9101,11.9377,-79.12,-79.12
18148,180,5.9101,11.4776,-79.12,-79.12
18156,180,-5.4818,11.4776,-79.12,-79.12
18159,180,-5.4818,11.3467,-79.12,-79.12
18167,180,8.1370,11.3467,-79.12,-79.12
18171,180,8.1370,11.1978,-79.12,-79.12
18178,180,0.0000,11.1978,-79.12,-79.12
18183,180,0.0000,11.3061,-79.12,-79.12
18189,180,-0.1713,11.3061,-79.12,-79.12
18195,180,-0.1713,10.8504,-79.12,-79.12
18200,180,4.0257,10.8504,-79.12,-79.12
18207,180,4.0257,10.7422,-79.12,-79.12
18211,180,2.9979,10.7422,-79.12,-79.12
18219,180,2.9979,11.2114,-79.12,-79.12
18222,180,0.9422,11.2114,-79.12,-79.12
18230,180,0.9422,11.2159,-79.12,-79.12
18233,180,-5.5675,11.2159,-79.12,-79.12
18242,180,-5.5675,11.0850,-79.12,-79.12
18244,180,4.5396,11.0850,-79.12,-79.12
18254,180,4.5396,11.2971,-79.12,-79.12
18255,180,-1.1991,11.2971,-79.12,-79.12
18266,180,7.1949,11.2971,-79.12,-79.12
18266,180,7.1949,11.2430,-79.12,-79.12
18277,180,-0.5139,11.2430,-79.12,-79.12
18278,180,-0.5139,11.5272,-79.12,-79.12
18288,180,4.2827,11.5272,-79.12,-79.12
18290,180,4.2827,11.4460,-79.12,-79.12
18299,180,3.3405,11.4460,-79.12,-79.12
18301,180,3.3405,11.2159,-79.12,-79.12
18310,180,1.5418,11.2159,-79.12,-79.12
18313,180,1.5418,10.9632,-79.12,-79.12
18321,180,8.8223,10.9632,-79.12,-79.12
18325,180,8.8223,11.1617,-79.12,-79.12
18332,180,0.5139,11.1617,-79.12,-79.12
18337,180,0.5139,11.1302,-79.12,-79.12
18343,180,8.2227,11.1302,-79.12,-79.12
18349,180,8.2227,10.8414,-79.12,-79.12
18354,180,3.2548,10.8414,-79.12,-79.12
18360,180,3.2548,11.0399,-79.12,-79.12
18365,180,3.1692,11.0399,-79.12,-79.12
18372,180,3.1692,11.0625,-79.12,-79.12
18376,180,-3.9400,11.0625,-79.12,-79.12
